08228703877860776576
44778675390664728236
54662159871082403389
93510790615571395544
02111117728087024547
20566986405200907971
41982489654367258068
80087219605872210916
31170449556037453798
40618389922695320803
19705943655382856717
24230343868632400616
34339532626143027123
43436970185519925142
53343696545351135042
33637528004833872494
97553687878945471602
97693661387599720887
34157320275287192522
57588135373112482815
18295909610884143814
21159136494911701284
79459063534856712810
56140378435299313043
40083497592147525274
44653830443140726951
94393623813647742479
71117420504124703240
86709624011579629914
78774665544658286512
71044970839621328270
82221019822200133304
42502850611283520917
72321225006924084423
74685396928652678080
62947047677623829870
05406807582827078913
55775330487258558324
01230223450373809237
83458082675559815088
49148816854454074723
43738948617828008085
72867234092130126048
89676910494978558546
74816264531227442145
14054381471736508325
08729894057426135330
71754908996492799341
08815180201623110530
70912735340706554107